// --- Frame 0 (t=113430646 to 113480646) ---
00000100000000000000001000000000
00000000001000000100000010000000
00000000000000000000000000000000
00000000000000000000000000000000
00010000010000000000000000000000
00000000000000000000000000000000
00000000000000000000000000000000
00011000010100000000010000000000
00000000000010000010010000100000
00000000000000000000100000000000
00000010000000000000001000000000
00000011010000000000101010000000
00000000000001110000000100000000
00111101000001111000111110000000
10010010110011111011111100000000
00001101011011111010111110100000
00000111010111111111111100000000
00001000001111011101011101100000
00010011000111111111011111000000
00101010001111111111111111000000
00000010011011111111111110000000
00000010001111011101111101000001
00000100010011111111111101100000
00000110011111111111100110010000
00000001111011111111001001001010
10100110110111111111001110000000
00000000101111111111001010000100
10000100110111111111101000000010
00101111111111111111111001000000
00000000011101000010011000000000
00000000011110010101101011010000
00000001001100100010010000000000
// --- Frame 1 (t=113480646 to 113530646) ---
00000000000001000000000000000000
00000000000000000101000011010001
00000100000100000100000000000000
00000000000000000010000000000000
00010000010000000000000000000000
00010000000000000000000000100000
00000000000000000000001010000000
00000000000000000000000000000000
00000000000000000000000000000000
00000000000000000000000000100000
00000000000000100000000000100000
00000001100000000000100000100000
01000000000001110000100100100000
00101111000011111011111111100000
00011111011011111000111111001000
00100001110011111000111110110100
00100100100111111001011110010100
00001110001011111100011111000000
00001000001111111110101110000000
00000010111111111111111101000000
00100000001111111111111110100000
00001110000111111101111100000100
00000000001111111110111101000100
00000001100101111111001011000010
00000101101011111111001011001010
00100010111011111111011111100100
01000101101011111111110010010100
00100100101111111111100000001010
00101000011001111111101000010000
10000100011110001000011011001011
00001000011100000000000101000000
00000000011111111011000000000000
// --- Frame 2 (t=113530646 to 113580646) ---
00000000000000000000000000000000
00000000100010000000000000000010
00000000000000000000100000000000
00000000000000000000000000000000
00000000010010000000000000100000
00000000000000000000000010010000
00000000000000000000000000000000
00000100000100100100000000000000
00100000000001000000000000100000
00000010000001000000001000000010
00000000000000000000000000000001
00000001100000000000100000000100
00000001000111110000000010100000
00110110010001111001011111100100
00011000001011111110111111100000
00000001010011111011011111000000
00000101000111111010111111000000
00001000001111011000011110001000
00000000110111111010001110100000
00000010001111111111101100000001
00000101101011111111111101000100
00001000000111111111111110000001
00100010000111111111111101001000
00000000100111111100100011000001
00000000000101111111100000000010
00100010100011111111000110000000
00100101101111111111111011000000
00000010111111111101011000000000
01011000111111111111011000000000
00000000011100000000110001000000
01000000011110000011010110001001
01000000011110101000011100000001
// --- Frame 3 (t=113580646 to 113630646) ---
00000000100000000000000000001000
00000010100000100000000101000000
00000100000000000110000010010000
00000000000000100000000010000000
00000000010000000000000000000000
00000000001000000000000000000000
00000100101000000000000000000000
00100000000000000100000000100000
00100000100000001000001000000000
00000010000001010001001000000000
00000100000100000000001000000001
10001001100000000000000000010000
00000000000000110000000000010000
00100001010011111001011111100000
10010010010111111101101111100000
00101010110011111000111111100000
00010100010011101000101111000000
00011000001011111000011110000000
00000000010111010100011110000000
00011001010111111111101101110001
00100000001111011111111110100010
01000111100010111111111100000100
00000000000111111111111110000000
00000111100111111110011010000100
00000000010101111101011000010010
00000000010111101100100111000000
00000100011111111111011100000100
00001100011111111111111100001000
00000000011110011111101010000000
10000000111110000001010000000000
00000010011111000011111110000000
00000000011110101100111101000010
// --- Frame 4 (t=113630646 to 113680646) ---
00000000000000000000000010000000
00000011000000000000000000000000
00101000100000010010101000010100
00000010000000000001000000000000
00000000000000000000000000000000
00000000000000000000000000000000
00000100000000000001000010000100
00000000000001000000000000000000
01001000000000000000001000000000
00000000000000000000000110100000
00000100000000000000001000000000
00001010000000100000100000010000
00000000000001111010000001110000
00000100000011110000000111100000
00110011011011111101111111100000
01101001110111111000011111110001
00000000010111111010011110010000
00100101001111011000011111011000
00000001010111111011001110000000
00000110011111111011101100000000
00001101001011011111111101000000
01001100001111111010111101000010
00000000000101111110111100000100
00000011011111011110001100010101
00001000011111101111011001000000
00000000111111110111101111000000
00000000000100101111101000000100
00100001011111011111110010000010
01100000111101100111100001000000
00000101111110000011010100000000
00000000011100000000100011101000
00000000011110000100100111000000
// --- Frame 5 (t=113680646 to 113730646) ---
00000000100000010000000000001000
00000001100000100000000001010000
00000000001000000101000000100000
00000000000000000001000000000000
00010000000000000000000000000000
00000000000000000000000000000000
00000000000000000001000100000000
00001100000000000000000000000000
00000000000000000000000000000000
00000100000001000001000000000000
10000000001000000000000001000000
00000010001000000000100010010000
00000000000001110000000001000000
00000000000001110001000101100000
00000001001011011000111111100000
00100001000011111100011111000000
00001101010111111010011110000000
00000100000011111100001110000000
00001000001111110000001110100000
00000010100110101111101110000000
00001000011111001111111100100000
00000111000011100111111110001000
00000000001001110111111100001000
00000010011000101011011100010000
00100000001000110111000001001000
00000000111111111111001100100000
10100010001100101111000000000000
00000101111111111111110100000000
01010000111101001111100000000000
11000001111110010111011100000000
00000000011101010100010100010000
00000000111111001000110000000000
// --- Frame 6 (t=113730646 to 113780646) ---
00100000100001000000000000000000
00000000000000000000000000000000
00000000101000000100000000010000
00000000010000000000000000000100
00000000000000000000000000000000
00010000000000000000000000100000
00000000000000000000000010001000
00000000000100000000000000000100
00010000000000000000000000000000
00000000000000000000000000000000
00000010000000100100000000000000
00000000000010000000000000000000
10000000000000001010000011000000
00100010000011111001000101100000
00000010010111111011011111110011
01101011101101111110001111100000
00001110000111101000111111000010
00000101100011111100011111000000
00000000001111011000001111100000
00000000011110010011101010000000
00000001110100001011111100100010
00000110101001011011111101000000
00000000001101111111111100000000
00000000011101011111000110100010
00000000011101011111000000000000
00001000110111111111000000000000
00000001011011111111111010100000
00000110101011111111110101011000
00001000111101111111100001000000
00100010011110000000001000000000
00001000011110000110100010011010
01000000011110010000100010000000
// --- Frame 7 (t=113780646 to 113830646) ---
00000000000100000000000000000000
00000000010000000000001010000000
00000000000000000100000000000000
00000000000100000000000000010000
00000000000000000000000000000000
00010000000000000000000000000000
00000000010000000000000000000000
00000101000001000000000000000000
00000000000000000000000000100000
00000100000100000001000010000000
00000100000000101000001000000000
00000000000000000000000000000000
00010000000001010000000010000000
10100100000001111000101111100000
00000000110011011001111111100000
00001001101101111000101111110000
00000110000111101010011111000000
00101000101011111000011111010000
00010001011111011001001111100000
00001000000111111001111110000000
00000100001111011101111101000001
00000010000001111111110111001000
00000000001111111111111100000000
00100000101011111110011101000000
00011000011011111111001010000000
00001001011111111111100000000100
10000001011010111111111110000000
00000110111011101111110010000000
01000000000111111111000010010000
10000100011100000001011000100000
00000000001110000011100000000010
00000000001010000010000000000000
// --- Frame 8 (t=113830646 to 113880646) ---
00000100000100000000001000000000
00010000000000000000000000000000
00000100001000000101000000010000
00000000000000000000000000000000
00000000000000000000010000100000
00000000000000000000000010000000
00000000000010000000000000000000
00000000000001100000000000000000
10010000000000001000000100000000
00000100000000000001000000100000
00000000001001100100000000000000
00001000001000000000101000000000
00000000000000000000000000000000
00001010000011101001001111000000
00000010011100111100011111001001
00000001001011111010001111100000
00001111100011001000101111000000
00000001001011011100001111010000
00000100001111011110001111100000
00001000010111111011101111000100
00001000010011110011111111000001
00010000001000111011111101000000
01000101000111111111111100000010
00010001010101001011011101000000
00000000010111111111101001000010
00000010110011111111111100000000
00000011001101111110110000000000
00000011111101111111111100000010
00000101001111111111100001010000
00000000001110000000000000001000
01000100111100000111110010011000
00011000111110101000001010000000
// --- Frame 9 (t=113880646 to 113930646) ---
00000000000000000000000000000000
00010000000000100000011000010000
00000000000000000000000000010000
00000000000000000000000000000000
10000010000000000010010000000000
00000000001000010000000000000000
00000001010000000010001000000000
00000000000001000001010000000000
00010000000000001000000100000000
00000000000000000000000000000000
00000000000000000000000000000000
00000000001000000000000000010000
00000000000000000000001000000000
00000000010001001000011110000000
00001100010010111010011110000000
00001000001111010000011111000000
00000110010011000000001111000000
00000001000010001101001111010000
00000100010111011100011110100000
00000010000000000100101111000000
00000000000011010011111110000000
00000000110111000111111110000001
00001001110110001111111100101000
00010001011100111010011000000000
00100001010101011011000001000001
10000000011100110110000001100000
00000010111111111111001011100000
00010100011101111111010101000000
01000001111111111111001111100000
10100000001110000011000000000000
01010000101110000111011010010001
00010000001110011110010011000000
